mod_check/dependencies/tmf/convert_tuflow_model_gis_format/tests/gpkg_raster/TUFLOW/model/grid/test_asc.asc
ncols 409
nrows 353
xllcorner 293171.25
yllcorner 6177853.75
cellsize 0.5
NODATA_value -999.0
[rows 0 to 31 of 353, columns 0 to 70 of 409]
42.550 42.545 42.540 42.536 42.532 42.527 42.523 42.519 42.514 42.510 42.506 42.503 42.499 42.494 42.489 42.484 42.480 42.475 42.470 42.465 42.460 42.456 42.451 42.446 42.442 42.438 42.434 42.429 42.425 42.421 42.418 42.414 42.410 42.405 42.401 42.396 42.392 42.388 42.383 42.378 42.374 42.369 42.364 42.360 42.356 42.352 42.348 42.343 42.340 42.336 42.333 42.329 42.326 42.322 42.317 42.313 42.309 42.305 42.300 42.296 42.291 42.287 42.282 42.279 42.274 42.271 42.267 42.263 42.260 42.256 42.253
42.552 42.548 42.542 42.538 42.534 42.529 42.525 42.521 42.517 42.513 42.509 42.505 42.501 42.496 42.492 42.487 42.482 42.477 42.473 42.468 42.463 42.458 42.453 42.448 42.444 42.440 42.436 42.432 42.428 42.424 42.421 42.417 42.413 42.408 42.404 42.400 42.395 42.390 42.385 42.381 42.376 42.372 42.367 42.363 42.359 42.355 42.350 42.347 42.343 42.339 42.336 42.332 42.329 42.325 42.320 42.316 42.312 42.307 42.303 42.299 42.294 42.290 42.285 42.282 42.277 42.274 42.270 42.267 42.263 42.260 42.256
42.555 42.549 42.544 42.540 42.536 42.532 42.527 42.523 42.520 42.516 42.512 42.507 42.504 42.499 42.494 42.490 42.485 42.480 42.475 42.470 42.465 42.460 42.456 42.451 42.447 42.443 42.438 42.435 42.431 42.427 42.423 42.419 42.415 42.411 42.407 42.402 42.398 42.393 42.388 42.383 42.379 42.374 42.369 42.365 42.361 42.357 42.354 42.350 42.346 42.343 42.339 42.336 42.332 42.327 42.323 42.319 42.314 42.310 42.306 42.302 42.297 42.293 42.288 42.285 42.280 42.277 42.273 42.270 42.266 42.263 42.260
42.557 42.552 42.547 42.542 42.538 42.534 42.530 42.526 42.522 42.518 42.514 42.510 42.506 42.501 42.497 42.492 42.487 42.482 42.477 42.473 42.467 42.463 42.458 42.453 42.449 42.445 42.441 42.438 42.434 42.430 42.426 42.423 42.418 42.414 42.410 42.405 42.400 42.395 42.391 42.386 42.381 42.377 42.372 42.368 42.364 42.361 42.356 42.353 42.349 42.346 42.342 42.339 42.335 42.331 42.327 42.322 42.318 42.313 42.309 42.305 42.300 42.296 42.291 42.287 42.283 42.280 42.277 42.273 42.270 42.266 42.263
42.559 42.554 42.549 42.544 42.541 42.537 42.533 42.529 42.525 42.521 42.517 42.513 42.509 42.504 42.499 42.494 42.490 42.484 42.480 42.475 42.470 42.465 42.460 42.456 42.452 42.448 42.444 42.440 42.437 42.432 42.429 42.425 42.421 42.417 42.412 42.408 42.403 42.398 42.394 42.389 42.384 42.379 42.375 42.371 42.367 42.363 42.360 42.356 42.353 42.349 42.345 42.342 42.338 42.334 42.329 42.325 42.320 42.316 42.312 42.307 42.303 42.299 42.294 42.290 42.287 42.283 42.280 42.276 42.273 42.270 42.266
42.561 42.556 42.551 42.548 42.543 42.539 42.535 42.532 42.527 42.523 42.519 42.516 42.512 42.506 42.501 42.497 42.492 42.487 42.482 42.477 42.472 42.467 42.463 42.458 42.455 42.451 42.447 42.443 42.440 42.435 42.432 42.428 42.424 42.419 42.415 42.410 42.405 42.401 42.396 42.391 42.387 42.382 42.378 42.374 42.370 42.366 42.363 42.359 42.356 42.352 42.349 42.345 42.342 42.337 42.332 42.328 42.323 42.319 42.314 42.310 42.306 42.302 42.297 42.293 42.290 42.287 42.283 42.280 42.276 42.273 42.270
42.563 42.559 42.554 42.550 42.546 42.542 42.538 42.534 42.530 42.526 42.522 42.518 42.514 42.509 42.504 42.499 42.494 42.489 42.484 42.480 42.474 42.470 42.465 42.461 42.458 42.454 42.450 42.446 42.443 42.438 42.435 42.431 42.427 42.422 42.418 42.413 42.408 42.404 42.399 42.394 42.389 42.385 42.381 42.377 42.374 42.370 42.366 42.363 42.359 42.355 42.352 42.348 42.345 42.340 42.336 42.331 42.326 42.322 42.318 42.313 42.309 42.305 42.300 42.297 42.293 42.290 42.287 42.283 42.280 42.276 42.273
42.566 42.561 42.556 42.553 42.549 42.544 42.540 42.537 42.533 42.529 42.525 42.520 42.516 42.512 42.506 42.501 42.497 42.492 42.487 42.482 42.477 42.473 42.468 42.464 42.461 42.457 42.453 42.449 42.445 42.441 42.438 42.434 42.430 42.425 42.420 42.415 42.411 42.406 42.401 42.397 42.392 42.388 42.383 42.380 42.376 42.373 42.369 42.366 42.362 42.359 42.355 42.351 42.348 42.343 42.339 42.334 42.329 42.325 42.320 42.316 42.312 42.307 42.304 42.300 42.297 42.293 42.290 42.286 42.283 42.280 42.276
42.568 42.564 42.559 42.555 42.551 42.548 42.543 42.539 42.535 42.532 42.527 42.523 42.519 42.514 42.509 42.504 42.499 42.494 42.489 42.484 42.480 42.475 42.471 42.467 42.464 42.460 42.456 42.452 42.448 42.444 42.440 42.436 42.432 42.428 42.423 42.418 42.414 42.409 42.404 42.400 42.395 42.391 42.387 42.383 42.380 42.376 42.373 42.369 42.365 42.362 42.358 42.354 42.350 42.346 42.342 42.337 42.333 42.328 42.323 42.319 42.315 42.311 42.307 42.303 42.300 42.297 42.293 42.290 42.286 42.283 42.279
42.571 42.566 42.562 42.558 42.554 42.550 42.546 42.542 42.538 42.534 42.530 42.525 42.521 42.516 42.512 42.506 42.501 42.497 42.492 42.487 42.483 42.479 42.474 42.470 42.467 42.463 42.459 42.455 42.451 42.447 42.443 42.439 42.435 42.430 42.425 42.421 42.416 42.411 42.407 42.403 42.398 42.394 42.390 42.387 42.383 42.379 42.376 42.372 42.369 42.365 42.361 42.357 42.354 42.349 42.345 42.340 42.336 42.331 42.326 42.323 42.319 42.314 42.310 42.307 42.303 42.300 42.297 42.293 42.290 42.286 42.283
42.573 42.569 42.565 42.561 42.556 42.553 42.549 42.544 42.540 42.536 42.532 42.527 42.523 42.519 42.514 42.509 42.504 42.499 42.494 42.490 42.486 42.481 42.477 42.473 42.470 42.465 42.462 42.458 42.454 42.450 42.445 42.442 42.438 42.433 42.428 42.424 42.419 42.414 42.410 42.406 42.402 42.398 42.394 42.390 42.387 42.382 42.379 42.375 42.372 42.368 42.364 42.360 42.356 42.352 42.348 42.343 42.339 42.334 42.330 42.326 42.322 42.318 42.314 42.310 42.307 42.303 42.300 42.297 42.293 42.289 42.286
42.576 42.572 42.567 42.563 42.559 42.555 42.551 42.547 42.543 42.539 42.535 42.530 42.526 42.521 42.516 42.512 42.506 42.502 42.497 42.493 42.488 42.484 42.480 42.476 42.473 42.468 42.465 42.461 42.457 42.452 42.448 42.444 42.440 42.435 42.431 42.426 42.422 42.418 42.413 42.409 42.405 42.401 42.396 42.393 42.389 42.386 42.382 42.378 42.375 42.371 42.367 42.363 42.359 42.355 42.350 42.346 42.342 42.338 42.333 42.329 42.325 42.321 42.317 42.314 42.310 42.307 42.303 42.300 42.296 42.293 42.289
42.579 42.575 42.570 42.566 42.562 42.558 42.553 42.549 42.545 42.541 42.537 42.533 42.529 42.523 42.519 42.514 42.509 42.505 42.500 42.496 42.492 42.487 42.483 42.479 42.475 42.471 42.467 42.463 42.459 42.455 42.451 42.447 42.443 42.438 42.434 42.429 42.425 42.421 42.417 42.412 42.408 42.404 42.400 42.396 42.392 42.389 42.385 42.381 42.378 42.374 42.370 42.366 42.362 42.358 42.354 42.349 42.345 42.341 42.337 42.333 42.329 42.325 42.320 42.317 42.314 42.310 42.307 42.303 42.299 42.296 42.292
42.582 42.577 42.572 42.569 42.565 42.561 42.556 42.552 42.548 42.543 42.539 42.535 42.531 42.526 42.521 42.517 42.512 42.508 42.503 42.499 42.494 42.490 42.486 42.482 42.478 42.474 42.470 42.466 42.462 42.458 42.454 42.450 42.445 42.441 42.437 42.432 42.428 42.424 42.419 42.415 42.411 42.407 42.403 42.400 42.396 42.392 42.388 42.384 42.381 42.376 42.373 42.369 42.365 42.361 42.356 42.352 42.348 42.344 42.340 42.336 42.332 42.328 42.324 42.320 42.317 42.313 42.310 42.306 42.302 42.299 42.295
42.584 42.580 42.575 42.571 42.567 42.563 42.559 42.555 42.550 42.546 42.542 42.537 42.533 42.528 42.524 42.520 42.515 42.511 42.506 42.502 42.497 42.493 42.488 42.485 42.481 42.477 42.473 42.468 42.465 42.461 42.457 42.452 42.448 42.444 42.440 42.435 42.431 42.427 42.423 42.419 42.415 42.411 42.407 42.402 42.399 42.395 42.391 42.388 42.383 42.380 42.376 42.372 42.368 42.363 42.360 42.356 42.352 42.348 42.343 42.339 42.335 42.332 42.327 42.324 42.320 42.316 42.313 42.309 42.306 42.302 42.298
42.587 42.582 42.578 42.573 42.569 42.565 42.561 42.557 42.552 42.548 42.544 42.540 42.536 42.531 42.527 42.523 42.518 42.514 42.509 42.505 42.500 42.496 42.492 42.488 42.484 42.480 42.475 42.471 42.467 42.463 42.459 42.455 42.451 42.447 42.443 42.438 42.434 42.430 42.426 42.422 42.418 42.414 42.410 42.406 42.402 42.398 42.394 42.391 42.387 42.383 42.379 42.375 42.371 42.367 42.363 42.359 42.355 42.351 42.347 42.343 42.339 42.335 42.331 42.327 42.323 42.320 42.316 42.312 42.309 42.305 42.302
42.590 42.585 42.581 42.576 42.572 42.568 42.563 42.559 42.555 42.551 42.546 42.542 42.539 42.534 42.530 42.526 42.521 42.517 42.512 42.508 42.503 42.499 42.494 42.490 42.486 42.482 42.479 42.474 42.470 42.466 42.462 42.458 42.454 42.450 42.446 42.442 42.438 42.434 42.430 42.425 42.421 42.417 42.412 42.409 42.405 42.401 42.397 42.394 42.389 42.386 42.382 42.378 42.375 42.371 42.366 42.362 42.358 42.354 42.350 42.346 42.342 42.338 42.334 42.331 42.326 42.323 42.319 42.316 42.312 42.308 42.305
42.592 42.588 42.583 42.579 42.575 42.570 42.566 42.562 42.557 42.553 42.549 42.545 42.542 42.537 42.533 42.529 42.524 42.520 42.515 42.511 42.506 42.502 42.497 42.493 42.489 42.485 42.481 42.477 42.473 42.469 42.465 42.461 42.458 42.454 42.450 42.445 42.441 42.437 42.432 42.428 42.424 42.420 42.415 42.412 42.408 42.404 42.400 42.396 42.392 42.389 42.385 42.381 42.378 42.374 42.370 42.366 42.362 42.358 42.354 42.349 42.346 42.341 42.337 42.333 42.330 42.326 42.322 42.319 42.315 42.312 42.307
42.595 42.590 42.585 42.581 42.577 42.573 42.569 42.564 42.560 42.556 42.552 42.548 42.544 42.540 42.536 42.532 42.527 42.523 42.518 42.514 42.509 42.504 42.500 42.496 42.492 42.488 42.484 42.480 42.475 42.471 42.468 42.464 42.461 42.457 42.452 42.448 42.444 42.440 42.436 42.432 42.427 42.423 42.418 42.415 42.411 42.407 42.403 42.400 42.395 42.392 42.388 42.385 42.381 42.377 42.374 42.369 42.365 42.361 42.357 42.353 42.349 42.345 42.340 42.336 42.333 42.329 42.326 42.322 42.318 42.314 42.311
42.598 42.593 42.588 42.583 42.579 42.575 42.571 42.567 42.563 42.559 42.555 42.551 42.548 42.543 42.539 42.535 42.530 42.526 42.521 42.517 42.512 42.507 42.503 42.499 42.494 42.490 42.487 42.483 42.479 42.475 42.471 42.468 42.464 42.460 42.456 42.452 42.448 42.443 42.439 42.435 42.430 42.426 42.421 42.418 42.414 42.410 42.406 42.402 42.398 42.395 42.392 42.388 42.385 42.381 42.376 42.372 42.369 42.365 42.361 42.356 42.352 42.348 42.343 42.340 42.336 42.332 42.329 42.325 42.322 42.318 42.314
42.600 42.595 42.590 42.586 42.582 42.578 42.573 42.569 42.566 42.562 42.558 42.554 42.550 42.546 42.542 42.537 42.533 42.529 42.524 42.519 42.514 42.510 42.506 42.501 42.497 42.493 42.489 42.485 42.481 42.478 42.474 42.471 42.467 42.463 42.459 42.455 42.451 42.447 42.442 42.438 42.433 42.429 42.424 42.421 42.417 42.413 42.409 42.405 42.402 42.398 42.395 42.392 42.388 42.384 42.380 42.376 42.372 42.368 42.363 42.359 42.355 42.350 42.346 42.343 42.339 42.336 42.332 42.328 42.325 42.322 42.319
42.603 42.598 42.593 42.589 42.585 42.581 42.576 42.572 42.569 42.565 42.561 42.557 42.553 42.549 42.544 42.540 42.536 42.532 42.527 42.522 42.517 42.513 42.508 42.504 42.500 42.496 42.492 42.488 42.485 42.481 42.478 42.474 42.471 42.467 42.463 42.458 42.454 42.450 42.445 42.441 42.436 42.432 42.427 42.424 42.419 42.416 42.412 42.409 42.405 42.402 42.398 42.395 42.391 42.388 42.383 42.379 42.375 42.371 42.366 42.362 42.358 42.354 42.349 42.346 42.342 42.339 42.335 42.332 42.329 42.325 42.322
42.605 42.601 42.595 42.591 42.587 42.583 42.579 42.575 42.572 42.568 42.564 42.561 42.556 42.552 42.548 42.543 42.539 42.534 42.529 42.525 42.520 42.516 42.511 42.507 42.503 42.499 42.495 42.492 42.488 42.484 42.481 42.477 42.474 42.470 42.465 42.461 42.457 42.452 42.448 42.444 42.439 42.435 42.430 42.427 42.423 42.419 42.415 42.412 42.408 42.405 42.402 42.398 42.395 42.391 42.387 42.383 42.378 42.374 42.370 42.366 42.361 42.357 42.353 42.349 42.345 42.342 42.339 42.335 42.332 42.329 42.326
42.608 42.603 42.598 42.594 42.589 42.586 42.582 42.578 42.575 42.570 42.567 42.563 42.559 42.555 42.550 42.546 42.542 42.537 42.532 42.527 42.523 42.519 42.514 42.510 42.506 42.502 42.499 42.495 42.492 42.488 42.484 42.481 42.477 42.473 42.469 42.464 42.460 42.456 42.451 42.447 42.443 42.438 42.433 42.430 42.425 42.423 42.419 42.415 42.412 42.408 42.405 42.402 42.398 42.394 42.390 42.386 42.382 42.377 42.373 42.369 42.365 42.360 42.356 42.352 42.349 42.345 42.342 42.339 42.336 42.332 42.329
42.610 42.605 42.601 42.596 42.592 42.589 42.585 42.581 42.578 42.573 42.570 42.566 42.562 42.558 42.553 42.549 42.544 42.540 42.535 42.530 42.526 42.521 42.516 42.512 42.509 42.505 42.501 42.498 42.494 42.491 42.487 42.484 42.480 42.476 42.472 42.467 42.463 42.458 42.454 42.450 42.445 42.441 42.437 42.432 42.429 42.425 42.423 42.419 42.415 42.412 42.408 42.405 42.402 42.398 42.394 42.389 42.385 42.381 42.376 42.372 42.368 42.363 42.359 42.355 42.352 42.349 42.346 42.342 42.339 42.336 42.333
42.613 42.608 42.603 42.599 42.596 42.592 42.588 42.584 42.581 42.577 42.573 42.569 42.565 42.561 42.556 42.552 42.547 42.542 42.537 42.533 42.529 42.524 42.519 42.516 42.512 42.509 42.505 42.501 42.498 42.494 42.491 42.487 42.484 42.479 42.475 42.470 42.466 42.461 42.457 42.452 42.448 42.444 42.440 42.436 42.432 42.429 42.425 42.422 42.419 42.415 42.412 42.408 42.405 42.401 42.396 42.392 42.388 42.383 42.379 42.375 42.371 42.366 42.362 42.359 42.356 42.352 42.349 42.346 42.343 42.339 42.336
42.615 42.611 42.606 42.602 42.599 42.595 42.591 42.587 42.583 42.580 42.576 42.572 42.568 42.563 42.559 42.555 42.550 42.545 42.540 42.536 42.531 42.527 42.523 42.519 42.516 42.512 42.509 42.505 42.501 42.498 42.494 42.491 42.487 42.483 42.478 42.473 42.469 42.464 42.460 42.456 42.451 42.447 42.443 42.439 42.436 42.432 42.429 42.425 42.422 42.419 42.415 42.412 42.408 42.404 42.400 42.395 42.391 42.387 42.382 42.378 42.374 42.369 42.366 42.362 42.359 42.356 42.353 42.349 42.346 42.343 42.340
42.618 42.613 42.609 42.605 42.602 42.598 42.594 42.590 42.586 42.583 42.579 42.575 42.571 42.566 42.562 42.557 42.553 42.548 42.543 42.539 42.534 42.530 42.526 42.522 42.519 42.515 42.512 42.508 42.504 42.501 42.497 42.494 42.490 42.486 42.481 42.476 42.472 42.467 42.463 42.458 42.454 42.450 42.446 42.443 42.439 42.436 42.432 42.429 42.425 42.422 42.418 42.415 42.411 42.407 42.402 42.398 42.394 42.390 42.385 42.381 42.377 42.373 42.369 42.366 42.363 42.359 42.356 42.353 42.350 42.346 42.343
42.621 42.617 42.612 42.608 42.605 42.601 42.597 42.593 42.589 42.586 42.582 42.578 42.574 42.569 42.565 42.560 42.555 42.550 42.546 42.542 42.537 42.533 42.529 42.526 42.522 42.519 42.515 42.512 42.508 42.504 42.500 42.497 42.493 42.488 42.484 42.480 42.475 42.470 42.466 42.461 42.457 42.454 42.450 42.446 42.443 42.439 42.435 42.432 42.429 42.425 42.422 42.418 42.414 42.410 42.406 42.401 42.397 42.393 42.389 42.384 42.381 42.376 42.373 42.369 42.366 42.363 42.360 42.356 42.354 42.350 42.347
42.624 42.619 42.615 42.612 42.608 42.604 42.600 42.596 42.593 42.589 42.585 42.581 42.576 42.572 42.568 42.563 42.558 42.553 42.549 42.544 42.540 42.536 42.532 42.529 42.525 42.521 42.518 42.514 42.511 42.507 42.503 42.500 42.496 42.492 42.487 42.483 42.478 42.473 42.469 42.465 42.461 42.457 42.452 42.450 42.446 42.443 42.439 42.435 42.432 42.428 42.425 42.421 42.417 42.413 42.409 42.405 42.400 42.396 42.392 42.388 42.384 42.380 42.376 42.373 42.370 42.366 42.363 42.360 42.357 42.354 42.350
42.627 42.622 42.618 42.615 42.611 42.607 42.603 42.599 42.595 42.592 42.588 42.583 42.579 42.575 42.570 42.566 42.561 42.556 42.552 42.548 42.544 42.540 42.536 42.532 42.529 42.525 42.521 42.518 42.514 42.510 42.506 42.503 42.499 42.494 42.490 42.486 42.481 42.477 42.473 42.468 42.464 42.460 42.456 42.452 42.450 42.446 42.443 42.439 42.435 42.432 42.428 42.424 42.421 42.416 42.412 42.408 42.404 42.399 42.395 42.391 42.388 42.383 42.380 42.376 42.374 42.370 42.367 42.363 42.361 42.357 42.354
42.630 42.626 42.621 42.618 42.613 42.610 42.606 42.602 42.598 42.594 42.590 42.586 42.582 42.578 42.573 42.568 42.564 42.560 42.556 42.551 42.547 42.543 42.539 42.535 42.532 42.528 42.525 42.521 42.517 42.513 42.509 42.506 42.501 42.497 42.493 42.488 42.484 42.480 42.475 42.472 42.468 42.464 42.460 42.456 42.452 42.449 42.446 42.442 42.438 42.435 42.431 42.427 42.424 42.419 42.415 42.411 42.407 42.402 42.399 42.395 42.391 42.387 42.383 42.380 42.377 42.374 42.371 42.367 42.364 42.361 42.357
