mod_check/dependencies/tmf/convert_tuflow_model_gis_format/tests/gpkg_raster/TUFLOW/model/grid/test_asc.asc
ncols 409
nrows 353
xllcorner 293171.25
yllcorner 6177853.75
cellsize 0.5
NODATA_value -999.0
[rows 64 to 95 of 353, columns 142 to 212 of 409]
42.363 42.350 42.326 42.303 42.279 42.255 42.231 42.207 42.183 42.159 42.135 42.112 42.088 42.064 42.040 42.016 41.992 41.968 41.944 41.921 41.898 41.875 41.852 41.638 41.389 41.140 40.892 40.644 40.396 40.147 39.899 39.651 39.403 39.155 39.038 39.038 39.038 39.038 39.039 39.039 39.040 39.040 39.040 39.040 39.040 39.135 39.240 39.346 39.451 39.557 39.680 39.803 39.925 40.048 40.171 40.294 40.417 40.539 40.662 40.785 40.907 40.969 40.982 40.995 41.008 41.022 41.035 41.048 41.061 41.074 41.087
42.369 42.364 42.340 42.316 42.292 42.269 42.244 42.221 42.197 42.173 42.149 42.125 42.101 42.077 42.053 42.030 42.006 41.982 41.959 41.937 41.914 41.890 41.868 41.757 41.508 41.259 41.010 40.761 40.513 40.264 40.016 39.768 39.520 39.271 39.038 39.038 39.039 39.039 39.040 39.040 39.040 39.041 39.041 39.041 39.041 39.091 39.196 39.304 39.427 39.550 39.672 39.795 39.918 40.041 40.164 40.286 40.409 40.532 40.655 40.778 40.900 40.969 40.982 40.995 41.008 41.022 41.035 41.048 41.061 41.074 41.087
42.376 42.374 42.354 42.330 42.306 42.282 42.258 42.234 42.211 42.187 42.163 42.139 42.115 42.091 42.067 42.043 42.020 41.997 41.974 41.951 41.928 41.905 41.883 41.860 41.627 41.378 41.129 40.880 40.631 40.382 40.134 39.885 39.637 39.389 39.140 39.039 39.040 39.040 39.040 39.041 39.041 39.041 39.041 39.042 39.042 39.049 39.174 39.297 39.419 39.542 39.665 39.788 39.911 40.033 40.156 40.279 40.402 40.525 40.647 40.770 40.893 40.969 40.982 40.995 41.008 41.021 41.035 41.048 41.061 41.074 41.087
42.382 42.380 42.368 42.343 42.320 42.296 42.272 42.248 42.224 42.200 42.176 42.152 42.129 42.105 42.081 42.059 42.036 42.013 41.990 41.967 41.944 41.921 41.898 41.875 41.746 41.497 41.248 40.999 40.750 40.502 40.253 40.005 39.756 39.507 39.258 39.040 39.041 39.041 39.042 39.042 39.042 39.043 39.043 39.043 39.044 39.043 39.129 39.268 39.408 39.535 39.658 39.780 39.903 40.026 40.149 40.272 40.394 40.517 40.640 40.763 40.886 40.969 40.982 40.995 41.008 41.021 41.035 41.048 41.061 41.074 41.087
42.388 42.386 42.381 42.358 42.333 42.310 42.286 42.262 42.238 42.214 42.190 42.166 42.142 42.119 42.096 42.073 42.050 42.027 42.005 41.982 41.959 41.936 41.913 41.890 41.865 41.616 41.367 41.118 40.870 40.621 40.373 40.124 39.875 39.626 39.375 39.111 39.043 39.043 39.043 39.044 39.044 39.044 39.045 39.046 39.045 39.044 39.070 39.210 39.349 39.488 39.628 39.767 39.896 40.019 40.141 40.264 40.387 40.510 40.633 40.755 40.878 40.969 40.982 40.995 41.008 41.021 41.034 41.048 41.061 41.074 41.087
42.394 42.392 42.390 42.371 42.347 42.323 42.299 42.276 42.251 42.228 42.204 42.180 42.158 42.135 42.112 42.089 42.066 42.043 42.020 41.997 41.974 41.951 41.928 41.905 41.882 41.736 41.487 41.238 40.989 40.741 40.492 40.243 39.994 39.736 39.472 39.251 39.044 39.044 39.045 39.046 39.046 39.046 39.047 39.047 39.046 39.046 39.044 39.151 39.290 39.430 39.569 39.708 39.848 39.987 40.126 40.257 40.380 40.502 40.625 40.748 40.871 40.969 40.982 40.995 41.008 41.021 41.034 41.048 41.062 41.077 41.092
42.400 42.398 42.396 42.385 42.361 42.337 42.313 42.289 42.265 42.241 42.218 42.195 42.172 42.149 42.126 42.104 42.081 42.058 42.035 42.012 41.989 41.966 41.943 41.920 41.897 41.855 41.606 41.357 41.109 40.860 40.611 40.361 40.098 39.869 39.655 39.434 39.046 39.047 39.047 39.047 39.048 39.049 39.049 39.049 39.047 39.047 39.046 39.092 39.232 39.371 39.510 39.650 39.789 39.928 40.068 40.207 40.347 40.486 40.618 40.741 40.863 40.969 40.982 40.995 41.008 41.022 41.038 41.053 41.067 41.083 41.097
42.405 42.404 42.402 42.398 42.375 42.350 42.327 42.303 42.280 42.257 42.234 42.211 42.188 42.165 42.142 42.119 42.096 42.073 42.050 42.027 42.004 41.981 41.958 41.935 41.912 41.889 41.725 41.477 41.228 40.979 40.723 40.487 40.273 40.059 39.845 39.578 39.187 39.049 39.049 39.050 39.050 39.050 39.051 39.050 39.049 39.048 39.047 39.046 39.173 39.313 39.452 39.591 39.731 39.870 40.009 40.149 40.288 40.427 40.567 40.706 40.846 40.969 40.983 40.998 41.013 41.028 41.043 41.058 41.072 41.088 41.103
42.411 42.410 42.408 42.406 42.388 42.364 42.340 42.318 42.294 42.271 42.249 42.225 42.203 42.180 42.157 42.134 42.111 42.088 42.065 42.042 42.019 41.996 41.973 41.951 41.928 41.905 41.845 41.596 41.347 41.105 40.891 40.677 40.463 40.249 40.035 39.723 39.331 39.051 39.051 39.051 39.052 39.053 39.052 39.051 39.050 39.049 39.048 39.047 39.114 39.254 39.393 39.533 39.672 39.811 39.951 40.097 40.245 40.393 40.542 40.690 40.836 40.969 40.986 41.004 41.018 41.033 41.048 41.063 41.078 41.093 41.108
42.417 42.415 42.414 42.412 42.402 42.379 42.356 42.333 42.310 42.287 42.264 42.241 42.218 42.195 42.172 42.149 42.126 42.103 42.080 42.057 42.034 42.011 41.988 41.965 41.942 41.919 41.897 41.724 41.509 41.295 41.081 40.867 40.653 40.439 40.225 39.867 39.475 39.083 39.053 39.054 39.054 39.054 39.053 39.052 39.051 39.050 39.049 39.048 39.066 39.214 39.362 39.511 39.659 39.807 39.956 40.104 40.252 40.401 40.549 40.693 40.828 40.963 40.986 41.004 41.021 41.038 41.054 41.068 41.083 41.098 41.113
42.424 42.422 42.420 42.418 42.417 42.395 42.372 42.349 42.326 42.303 42.280 42.257 42.234 42.211 42.188 42.165 42.142 42.119 42.096 42.073 42.050 42.027 42.005 41.982 41.959 41.936 41.916 41.897 41.699 41.485 41.271 41.057 40.843 40.629 40.403 40.011 39.619 39.228 39.055 39.056 39.056 39.055 39.054 39.053 39.052 39.051 39.050 39.049 39.073 39.221 39.370 39.518 39.667 39.815 39.963 40.111 40.260 40.408 40.549 40.685 40.819 40.955 40.986 41.004 41.021 41.039 41.057 41.074 41.088 41.103 41.118
42.431 42.429 42.427 42.425 42.423 42.411 42.388 42.365 42.342 42.319 42.296 42.273 42.250 42.228 42.205 42.182 42.159 42.136 42.113 42.090 42.067 42.044 42.021 41.998 41.975 41.957 41.938 41.919 41.889 41.675 41.461 41.247 41.033 40.819 40.547 40.155 39.764 39.372 39.057 39.058 39.057 39.056 39.056 39.054 39.053 39.052 39.051 39.050 39.080 39.229 39.377 39.526 39.674 39.822 39.970 40.119 40.267 40.405 40.541 40.676 40.811 40.947 40.985 41.003 41.021 41.038 41.056 41.074 41.091 41.109 41.124
42.438 42.436 42.434 42.432 42.430 42.427 42.405 42.382 42.359 42.336 42.313 42.290 42.267 42.244 42.221 42.198 42.175 42.152 42.129 42.106 42.083 42.060 42.038 42.016 41.997 41.978 41.959 41.941 41.921 41.865 41.651 41.437 41.223 41.009 40.692 40.300 39.908 39.517 39.125 39.060 39.058 39.057 39.056 39.055 39.054 39.053 39.051 39.050 39.088 39.236 39.385 39.533 39.681 39.829 39.977 40.126 40.262 40.397 40.532 40.668 40.803 40.939 40.985 41.002 41.020 41.038 41.055 41.073 41.091 41.109 41.127
42.444 42.443 42.441 42.439 42.437 42.434 42.421 42.398 42.375 42.352 42.329 42.306 42.283 42.261 42.238 42.215 42.192 42.169 42.146 42.123 42.100 42.077 42.057 42.038 42.019 42.000 41.981 41.963 41.943 41.924 41.841 41.627 41.413 41.199 40.836 40.444 40.053 39.661 39.282 39.060 39.059 39.058 39.057 39.056 39.054 39.053 39.052 39.051 39.095 39.243 39.392 39.540 39.688 39.836 39.982 40.118 40.253 40.388 40.524 40.660 40.795 40.930 40.985 41.002 41.020 41.038 41.055 41.073 41.091 41.109 41.126
42.451 42.450 42.448 42.446 42.444 42.441 42.438 42.415 42.392 42.369 42.346 42.323 42.300 42.277 42.254 42.231 42.208 42.185 42.162 42.139 42.117 42.098 42.079 42.060 42.041 42.022 42.003 41.984 41.965 41.946 41.927 41.817 41.603 41.372 40.980 40.589 40.197 39.848 39.412 39.063 39.061 39.058 39.057 39.056 39.055 39.054 39.053 39.051 39.102 39.251 39.399 39.547 39.695 39.839 39.974 40.109 40.245 40.380 40.516 40.651 40.786 40.922 40.984 41.002 41.019 41.037 41.055 41.072 41.090 41.108 41.126
42.458 42.457 42.456 42.452 42.450 42.448 42.445 42.431 42.408 42.385 42.362 42.339 42.316 42.294 42.271 42.248 42.225 42.202 42.179 42.158 42.139 42.120 42.100 42.082 42.063 42.044 42.025 42.006 41.987 41.968 41.949 41.930 41.793 41.517 41.125 40.786 40.413 39.978 39.543 39.108 39.064 39.061 39.058 39.057 39.056 39.054 39.053 39.052 39.110 39.258 39.406 39.555 39.695 39.831 39.966 40.101 40.237 40.372 40.507 40.643 40.778 40.914 40.984 41.001 41.019 41.037 41.055 41.072 41.090 41.108 41.126
42.465 42.464 42.462 42.460 42.457 42.454 42.452 42.448 42.425 42.402 42.379 42.356 42.333 42.310 42.287 42.264 42.241 42.218 42.198 42.180 42.161 42.141 42.122 42.103 42.084 42.066 42.047 42.027 42.008 41.990 41.971 41.952 41.933 41.694 41.378 40.979 40.543 40.109 39.674 39.238 39.067 39.064 39.061 39.058 39.056 39.055 39.054 39.053 39.117 39.265 39.414 39.551 39.687 39.822 39.958 40.093 40.229 40.364 40.499 40.635 40.770 40.906 40.984 41.001 41.019 41.036 41.054 41.072 41.090 41.107 41.125
42.473 42.471 42.468 42.466 42.464 42.461 42.459 42.456 42.441 42.418 42.395 42.372 42.349 42.327 42.304 42.281 42.258 42.239 42.220 42.201 42.182 42.163 42.144 42.125 42.106 42.088 42.069 42.049 42.030 42.011 41.993 41.974 41.955 41.935 41.544 41.109 40.674 40.239 39.804 39.369 39.070 39.067 39.064 39.061 39.058 39.056 39.054 39.053 39.124 39.272 39.408 39.543 39.678 39.814 39.950 40.085 40.220 40.355 40.491 40.627 40.762 40.897 40.983 41.001 41.018 41.036 41.054 41.071 41.089 41.107 41.124
42.480 42.478 42.475 42.473 42.470 42.468 42.465 42.463 42.458 42.435 42.412 42.389 42.366 42.343 42.320 42.299 42.280 42.261 42.242 42.223 42.204 42.185 42.166 42.147 42.128 42.109 42.090 42.071 42.052 42.031 42.009 41.987 41.965 41.943 41.650 41.240 40.805 40.369 39.935 39.500 39.073 39.070 39.067 39.064 39.061 39.059 39.056 39.054 39.129 39.264 39.399 39.535 39.670 39.806 39.941 40.076 40.212 40.347 40.483 40.618 40.754 40.889 40.983 41.001 41.018 41.036 41.054 41.071 41.089 41.107 41.124
42.487 42.485 42.482 42.480 42.477 42.475 42.472 42.470 42.467 42.451 42.428 42.405 42.382 42.360 42.340 42.320 42.302 42.283 42.264 42.245 42.226 42.207 42.188 42.169 42.148 42.126 42.104 42.082 42.060 42.039 42.017 41.995 41.972 41.950 41.708 41.327 40.935 40.500 40.065 39.630 39.195 39.073 39.070 39.067 39.064 39.062 39.059 39.056 39.096 39.245 39.391 39.527 39.662 39.798 39.933 40.068 40.204 40.339 40.474 40.610 40.745 40.881 40.982 41.000 41.018 41.035 41.053 41.071 41.088 41.106 41.124
42.494 42.492 42.489 42.487 42.484 42.481 42.479 42.477 42.474 42.468 42.445 42.422 42.400 42.381 42.362 42.342 42.323 42.305 42.286 42.264 42.243 42.221 42.199 42.178 42.156 42.134 42.112 42.090 42.069 42.047 42.025 42.003 41.980 41.958 41.765 41.385 41.005 40.625 40.196 39.761 39.326 39.076 39.073 39.070 39.068 39.065 39.062 39.058 39.055 39.195 39.344 39.494 39.643 39.789 39.925 40.060 40.195 40.331 40.466 40.602 40.737 40.873 40.982 40.999 41.017 41.035 41.053 41.070 41.088 41.109 41.128
42.501 42.498 42.496 42.493 42.491 42.488 42.486 42.483 42.481 42.479 42.461 42.440 42.421 42.402 42.381 42.359 42.338 42.316 42.294 42.273 42.251 42.229 42.207 42.186 42.164 42.142 42.120 42.099 42.077 42.055 42.032 42.010 41.987 41.965 41.823 41.443 41.062 40.682 40.302 39.891 39.457 39.078 39.076 39.073 39.071 39.067 39.064 39.060 39.057 39.143 39.293 39.442 39.592 39.741 39.891 40.040 40.187 40.323 40.458 40.594 40.729 40.864 40.982 40.999 41.017 41.035 41.053 41.072 41.092 41.111 41.132
42.505 42.503 42.500 42.498 42.496 42.494 42.492 42.489 42.487 42.484 42.476 42.454 42.433 42.411 42.389 42.368 42.346 42.324 42.303 42.281 42.259 42.237 42.215 42.194 42.172 42.151 42.129 42.107 42.084 42.062 42.040 42.017 41.995 41.972 41.881 41.500 41.120 40.740 40.360 39.980 39.587 39.152 39.079 39.076 39.073 39.069 39.066 39.063 39.060 39.093 39.242 39.391 39.541 39.690 39.840 39.989 40.139 40.288 40.437 40.585 40.720 40.856 40.981 40.999 41.016 41.036 41.056 41.076 41.096 41.115 41.134
42.510 42.507 42.505 42.503 42.500 42.498 42.496 42.493 42.491 42.489 42.484 42.463 42.441 42.419 42.398 42.376 42.354 42.332 42.311 42.289 42.267 42.245 42.224 42.202 42.181 42.159 42.136 42.114 42.092 42.069 42.047 42.024 42.002 41.980 41.938 41.558 41.178 40.798 40.417 40.037 39.657 39.277 39.082 39.078 39.075 39.072 39.069 39.066 39.062 39.057 39.191 39.340 39.490 39.639 39.789 39.938 40.088 40.237 40.387 40.536 40.686 40.835 40.980 41.001 41.020 41.040 41.060 41.079 41.098 41.118 41.138
42.514 42.512 42.509 42.507 42.504 42.503 42.500 42.498 42.496 42.494 42.493 42.471 42.450 42.428 42.406 42.384 42.362 42.340 42.319 42.297 42.276 42.254 42.232 42.211 42.189 42.167 42.144 42.122 42.099 42.077 42.055 42.032 42.009 41.987 41.964 41.616 41.235 40.855 40.475 40.095 39.715 39.334 39.084 39.082 39.078 39.075 39.072 39.069 39.064 39.060 39.140 39.289 39.439 39.588 39.738 39.887 40.036 40.186 40.335 40.485 40.634 40.807 40.983 41.003 41.022 41.042 41.062 41.082 41.101 41.121 41.141
42.518 42.516 42.514 42.512 42.509 42.507 42.504 42.503 42.501 42.500 42.499 42.479 42.458 42.436 42.414 42.392 42.371 42.349 42.327 42.306 42.284 42.262 42.240 42.218 42.196 42.174 42.151 42.129 42.106 42.084 42.062 42.039 42.017 41.994 41.972 41.673 41.293 40.913 40.533 40.153 39.773 39.419 39.103 39.084 39.082 39.078 39.075 39.071 39.067 39.062 39.089 39.238 39.388 39.537 39.687 39.836 39.986 40.135 40.285 40.437 40.630 40.823 40.986 41.005 41.025 41.045 41.064 41.084 41.104 41.123 41.143
42.523 42.520 42.518 42.516 42.513 42.511 42.510 42.508 42.507 42.505 42.504 42.487 42.466 42.444 42.423 42.401 42.379 42.358 42.336 42.314 42.292 42.270 42.249 42.226 42.204 42.181 42.159 42.136 42.113 42.091 42.069 42.046 42.024 42.001 41.979 41.731 41.351 40.971 40.590 40.210 39.831 39.515 39.198 39.087 39.084 39.082 39.078 39.073 39.069 39.064 39.060 39.187 39.336 39.486 39.635 39.785 39.934 40.084 40.259 40.453 40.646 40.840 40.988 41.008 41.027 41.047 41.067 41.086 41.105 41.124 41.143
42.527 42.525 42.523 42.520 42.518 42.516 42.515 42.513 42.512 42.510 42.509 42.496 42.474 42.452 42.431 42.409 42.387 42.366 42.344 42.322 42.300 42.278 42.256 42.233 42.211 42.188 42.166 42.144 42.121 42.099 42.076 42.054 42.032 42.009 41.987 41.789 41.408 41.028 40.648 40.268 39.927 39.611 39.294 39.091 39.087 39.084 39.080 39.076 39.071 39.067 39.062 39.136 39.285 39.435 39.585 39.734 39.889 40.082 40.276 40.469 40.663 40.856 40.991 41.009 41.028 41.047 41.066 41.085 41.104 41.123 41.142
42.532 42.529 42.527 42.525 42.523 42.521 42.520 42.519 42.517 42.516 42.514 42.504 42.483 42.461 42.439 42.417 42.395 42.374 42.352 42.331 42.308 42.286 42.263 42.241 42.218 42.195 42.173 42.151 42.128 42.106 42.083 42.061 42.039 42.016 41.994 41.846 41.466 41.085 40.706 40.339 40.023 39.706 39.389 39.094 39.091 39.087 39.083 39.078 39.073 39.069 39.064 39.085 39.234 39.384 39.533 39.712 39.905 40.099 40.292 40.485 40.679 40.872 40.992 41.011 41.029 41.048 41.067 41.085 41.104 41.123 41.141
42.536 42.533 42.531 42.530 42.528 42.527 42.526 42.524 42.523 42.521 42.520 42.512 42.491 42.469 42.447 42.425 42.404 42.382 42.360 42.338 42.315 42.293 42.270 42.248 42.225 42.203 42.181 42.158 42.136 42.113 42.091 42.069 42.046 42.024 42.001 41.903 41.524 41.143 40.764 40.434 40.118 39.802 39.485 39.169 39.094 39.090 39.085 39.080 39.076 39.071 39.067 39.062 39.183 39.342 39.535 39.729 39.921 40.115 40.308 40.502 40.695 40.889 40.995 41.013 41.032 41.051 41.069 41.088 41.106 41.125 41.143
42.540 42.538 42.536 42.535 42.533 42.532 42.531 42.529 42.528 42.526 42.525 42.520 42.499 42.477 42.456 42.434 42.412 42.390 42.368 42.345 42.323 42.300 42.277 42.255 42.233 42.210 42.188 42.165 42.143 42.120 42.098 42.076 42.053 42.031 42.008 41.961 41.581 41.201 40.847 40.530 40.214 39.897 39.581 39.264 39.097 39.092 39.087 39.083 39.078 39.073 39.069 39.064 39.165 39.357 39.551 39.744 39.938 40.131 40.325 40.518 40.712 40.904 40.997 41.015 41.034 41.053 41.071 41.090 41.109 41.127 41.146
42.544 42.543 42.542 42.540 42.539 42.537 42.536 42.535 42.533 42.532 42.530 42.529 42.507 42.486 42.464 42.442 42.419 42.397 42.375 42.352 42.330 42.307 42.285 42.263 42.240 42.218 42.195 42.173 42.151 42.128 42.105 42.083 42.060 42.038 42.015 41.993 41.639 41.259 40.942 40.625 40.309 39.993 39.677 39.364 39.100 39.096 39.091 39.087 39.082 39.078 39.073 39.069 39.069 39.311 39.553 39.761 39.954 40.148 40.341 40.534 40.728 40.921 40.999 41.018 41.036 41.055 41.074 41.093 41.111 41.130 41.148
