mod_check/dependencies/tmf/convert_tuflow_model_gis_format/tests/gpkg_raster/TUFLOW/model/grid/test_asc.asc
ncols 409
nrows 353
xllcorner 293171.25
yllcorner 6177853.75
cellsize 0.5
NODATA_value -999.0
[rows 0 to 31 of 353, columns 213 to 283 of 409]
41.338 41.341 41.344 41.347 41.350 41.354 41.357 41.360 41.364 41.367 41.374 41.381 41.388 41.395 41.402 41.409 41.416 41.423 41.430 41.436 41.445 41.453 41.462 41.471 41.479 41.489 41.499 41.509 41.519 41.529 41.537 41.544 41.551 41.558 41.566 41.574 41.582 41.590 41.597 41.605 41.612 41.619 41.626 41.633 41.640 41.651 41.660 41.669 41.679 41.688 41.696 41.703 41.710 41.717 41.725 41.733 41.741 41.750 41.758 41.766 41.776 41.784 41.794 41.803 41.812 41.824 41.837 41.849 41.862 41.875 41.886
41.333 41.336 41.339 41.343 41.346 41.349 41.353 41.356 41.359 41.363 41.370 41.377 41.383 41.390 41.397 41.404 41.411 41.418 41.425 41.432 41.440 41.449 41.457 41.466 41.476 41.486 41.496 41.506 41.516 41.526 41.533 41.541 41.548 41.556 41.563 41.571 41.579 41.587 41.594 41.602 41.609 41.616 41.624 41.631 41.640 41.650 41.659 41.669 41.679 41.688 41.695 41.702 41.710 41.717 41.725 41.734 41.742 41.750 41.758 41.767 41.776 41.785 41.794 41.803 41.816 41.829 41.841 41.853 41.866 41.879 41.890
41.328 41.331 41.334 41.338 41.341 41.344 41.348 41.352 41.354 41.358 41.365 41.372 41.379 41.386 41.393 41.400 41.406 41.413 41.420 41.427 41.436 41.444 41.452 41.462 41.472 41.482 41.492 41.502 41.513 41.522 41.530 41.537 41.545 41.553 41.560 41.569 41.576 41.584 41.591 41.600 41.607 41.614 41.621 41.630 41.640 41.649 41.659 41.669 41.678 41.688 41.695 41.702 41.709 41.718 41.726 41.734 41.743 41.751 41.760 41.768 41.777 41.786 41.795 41.808 41.820 41.833 41.845 41.858 41.870 41.883 41.894
41.324 41.327 41.330 41.333 41.337 41.340 41.343 41.347 41.350 41.353 41.360 41.367 41.375 41.381 41.388 41.395 41.402 41.409 41.415 41.422 41.431 41.439 41.449 41.459 41.469 41.479 41.489 41.500 41.509 41.520 41.527 41.534 41.542 41.550 41.558 41.565 41.573 41.581 41.589 41.597 41.604 41.611 41.620 41.630 41.640 41.649 41.659 41.668 41.678 41.688 41.695 41.702 41.710 41.718 41.727 41.735 41.744 41.752 41.760 41.768 41.778 41.787 41.799 41.812 41.824 41.837 41.849 41.862 41.875 41.887 41.898
41.319 41.322 41.326 41.328 41.332 41.335 41.339 41.342 41.346 41.348 41.356 41.363 41.369 41.376 41.383 41.390 41.397 41.404 41.410 41.417 41.426 41.436 41.446 41.456 41.466 41.476 41.486 41.496 41.506 41.516 41.524 41.531 41.539 41.547 41.555 41.563 41.570 41.578 41.586 41.594 41.601 41.610 41.620 41.630 41.639 41.649 41.658 41.668 41.678 41.687 41.694 41.703 41.711 41.720 41.728 41.736 41.744 41.752 41.761 41.770 41.778 41.791 41.804 41.816 41.829 41.841 41.854 41.866 41.879 41.891 41.902
41.314 41.317 41.321 41.324 41.327 41.331 41.334 41.337 41.341 41.344 41.351 41.358 41.364 41.371 41.379 41.385 41.392 41.399 41.406 41.413 41.423 41.433 41.443 41.453 41.463 41.473 41.483 41.493 41.503 41.513 41.521 41.528 41.537 41.544 41.552 41.560 41.568 41.576 41.583 41.591 41.601 41.610 41.620 41.629 41.639 41.649 41.658 41.668 41.677 41.687 41.695 41.703 41.712 41.720 41.728 41.737 41.745 41.754 41.762 41.770 41.783 41.795 41.808 41.820 41.833 41.846 41.858 41.870 41.883 41.896 41.907
41.311 41.314 41.317 41.321 41.324 41.327 41.331 41.334 41.337 41.341 41.347 41.354 41.361 41.368 41.375 41.382 41.389 41.396 41.403 41.410 41.420 41.430 41.440 41.450 41.460 41.470 41.480 41.490 41.500 41.510 41.518 41.525 41.534 41.541 41.549 41.557 41.565 41.573 41.580 41.590 41.599 41.609 41.619 41.628 41.638 41.647 41.657 41.666 41.676 41.686 41.695 41.703 41.711 41.720 41.728 41.736 41.745 41.753 41.761 41.772 41.785 41.797 41.810 41.822 41.835 41.847 41.860 41.873 41.885 41.899 41.910
41.307 41.311 41.314 41.317 41.321 41.324 41.327 41.331 41.334 41.337 41.344 41.351 41.358 41.365 41.371 41.379 41.386 41.392 41.400 41.408 41.417 41.428 41.438 41.448 41.458 41.468 41.478 41.488 41.498 41.507 41.515 41.523 41.531 41.538 41.546 41.554 41.562 41.570 41.579 41.589 41.598 41.608 41.617 41.627 41.636 41.646 41.656 41.665 41.675 41.686 41.694 41.702 41.711 41.719 41.727 41.736 41.744 41.752 41.763 41.774 41.787 41.799 41.812 41.824 41.837 41.850 41.862 41.875 41.888 41.902 41.913
41.304 41.307 41.311 41.314 41.317 41.321 41.324 41.327 41.331 41.334 41.341 41.348 41.354 41.361 41.369 41.375 41.382 41.390 41.397 41.405 41.415 41.425 41.435 41.445 41.455 41.465 41.475 41.485 41.495 41.504 41.513 41.520 41.528 41.535 41.544 41.551 41.559 41.569 41.578 41.587 41.597 41.606 41.616 41.626 41.635 41.645 41.655 41.665 41.675 41.685 41.694 41.702 41.710 41.719 41.727 41.735 41.744 41.754 41.765 41.776 41.789 41.801 41.814 41.827 41.839 41.852 41.864 41.877 41.891 41.905 41.916
41.301 41.304 41.307 41.311 41.314 41.317 41.321 41.324 41.327 41.331 41.337 41.344 41.352 41.358 41.365 41.372 41.380 41.387 41.395 41.402 41.412 41.422 41.432 41.442 41.452 41.462 41.472 41.482 41.492 41.502 41.509 41.517 41.525 41.533 41.541 41.548 41.558 41.567 41.577 41.586 41.596 41.605 41.615 41.625 41.634 41.643 41.654 41.664 41.675 41.685 41.693 41.701 41.710 41.718 41.727 41.735 41.745 41.757 41.767 41.778 41.791 41.804 41.816 41.829 41.841 41.854 41.867 41.881 41.894 41.908 41.919
41.297 41.301 41.304 41.307 41.311 41.314 41.317 41.321 41.324 41.327 41.334 41.341 41.348 41.355 41.361 41.369 41.377 41.384 41.392 41.400 41.410 41.420 41.430 41.440 41.450 41.459 41.469 41.479 41.489 41.499 41.507 41.514 41.522 41.530 41.538 41.547 41.557 41.566 41.576 41.585 41.594 41.604 41.613 41.623 41.633 41.643 41.653 41.663 41.674 41.684 41.692 41.701 41.709 41.718 41.726 41.737 41.748 41.758 41.770 41.780 41.793 41.806 41.818 41.831 41.843 41.857 41.870 41.883 41.897 41.910 41.922
41.294 41.297 41.301 41.304 41.307 41.311 41.314 41.317 41.321 41.324 41.331 41.338 41.345 41.352 41.359 41.367 41.375 41.382 41.390 41.397 41.407 41.417 41.427 41.437 41.447 41.457 41.466 41.477 41.486 41.496 41.504 41.512 41.520 41.527 41.537 41.546 41.556 41.565 41.574 41.584 41.593 41.603 41.612 41.622 41.632 41.643 41.653 41.663 41.674 41.683 41.692 41.701 41.709 41.717 41.728 41.739 41.750 41.761 41.771 41.783 41.795 41.808 41.820 41.833 41.846 41.860 41.873 41.886 41.900 41.913 41.925
41.291 41.294 41.297 41.301 41.304 41.307 41.311 41.314 41.317 41.321 41.328 41.334 41.341 41.349 41.357 41.364 41.371 41.379 41.387 41.395 41.404 41.415 41.425 41.435 41.444 41.454 41.464 41.473 41.484 41.493 41.501 41.509 41.517 41.526 41.535 41.545 41.554 41.564 41.573 41.583 41.592 41.602 41.611 41.622 41.632 41.642 41.652 41.663 41.673 41.683 41.692 41.700 41.708 41.719 41.730 41.741 41.752 41.763 41.774 41.785 41.797 41.810 41.822 41.836 41.849 41.863 41.876 41.889 41.903 41.916 41.928
41.287 41.290 41.294 41.297 41.301 41.304 41.307 41.311 41.314 41.317 41.324 41.331 41.339 41.346 41.354 41.361 41.369 41.377 41.384 41.392 41.402 41.412 41.422 41.432 41.441 41.451 41.461 41.471 41.481 41.490 41.498 41.506 41.515 41.525 41.534 41.544 41.553 41.563 41.572 41.582 41.591 41.600 41.610 41.621 41.631 41.642 41.652 41.662 41.672 41.683 41.691 41.699 41.710 41.721 41.732 41.743 41.754 41.765 41.776 41.787 41.799 41.812 41.825 41.839 41.852 41.866 41.879 41.892 41.906 41.919 41.931
41.284 41.287 41.291 41.294 41.297 41.301 41.304 41.307 41.311 41.314 41.321 41.328 41.336 41.344 41.352 41.359 41.367 41.375 41.382 41.389 41.399 41.409 41.419 41.429 41.439 41.448 41.458 41.468 41.478 41.488 41.495 41.505 41.514 41.524 41.533 41.542 41.552 41.561 41.570 41.580 41.590 41.600 41.610 41.620 41.630 41.641 41.651 41.662 41.672 41.682 41.691 41.701 41.712 41.723 41.734 41.745 41.756 41.767 41.778 41.789 41.801 41.815 41.828 41.842 41.855 41.868 41.882 41.895 41.909 41.922 41.934
41.280 41.284 41.287 41.291 41.294 41.297 41.301 41.304 41.307 41.311 41.318 41.326 41.334 41.341 41.348 41.356 41.364 41.371 41.379 41.387 41.397 41.406 41.416 41.426 41.436 41.446 41.455 41.465 41.475 41.485 41.494 41.504 41.513 41.522 41.532 41.541 41.550 41.560 41.569 41.578 41.589 41.599 41.610 41.620 41.630 41.640 41.651 41.661 41.671 41.682 41.692 41.703 41.715 41.725 41.737 41.747 41.758 41.769 41.780 41.791 41.804 41.818 41.831 41.845 41.858 41.871 41.885 41.898 41.912 41.925 41.939
41.279 41.283 41.285 41.289 41.292 41.296 41.299 41.303 41.306 41.308 41.316 41.324 41.331 41.339 41.347 41.354 41.362 41.369 41.377 41.384 41.395 41.404 41.414 41.424 41.433 41.444 41.453 41.463 41.473 41.484 41.494 41.503 41.513 41.522 41.531 41.541 41.550 41.560 41.569 41.578 41.589 41.599 41.609 41.619 41.630 41.640 41.651 41.660 41.671 41.683 41.694 41.705 41.716 41.727 41.738 41.748 41.760 41.770 41.781 41.793 41.806 41.819 41.833 41.846 41.859 41.873 41.886 41.899 41.913 41.929 41.944
41.277 41.281 41.284 41.288 41.291 41.294 41.298 41.301 41.304 41.307 41.314 41.321 41.329 41.337 41.344 41.352 41.360 41.367 41.375 41.383 41.392 41.402 41.412 41.422 41.432 41.441 41.451 41.461 41.472 41.484 41.494 41.503 41.513 41.522 41.531 41.541 41.550 41.559 41.569 41.577 41.588 41.598 41.609 41.619 41.629 41.639 41.650 41.660 41.672 41.684 41.695 41.706 41.717 41.728 41.739 41.750 41.761 41.771 41.783 41.794 41.807 41.821 41.834 41.847 41.861 41.875 41.888 41.901 41.918 41.934 41.948
41.276 41.279 41.283 41.286 41.290 41.292 41.296 41.299 41.301 41.304 41.312 41.320 41.327 41.334 41.342 41.350 41.357 41.365 41.373 41.380 41.390 41.400 41.410 41.419 41.429 41.439 41.449 41.461 41.472 41.484 41.493 41.502 41.512 41.521 41.531 41.540 41.550 41.559 41.568 41.577 41.587 41.597 41.608 41.618 41.629 41.639 41.649 41.661 41.674 41.686 41.696 41.708 41.718 41.729 41.740 41.751 41.762 41.773 41.784 41.796 41.809 41.822 41.836 41.849 41.862 41.876 41.889 41.905 41.922 41.938 41.952
41.274 41.278 41.281 41.284 41.288 41.291 41.294 41.297 41.300 41.302 41.310 41.317 41.325 41.333 41.340 41.347 41.355 41.363 41.370 41.378 41.388 41.398 41.408 41.417 41.427 41.437 41.449 41.461 41.472 41.484 41.493 41.502 41.512 41.521 41.531 41.540 41.549 41.558 41.567 41.577 41.587 41.597 41.607 41.617 41.628 41.638 41.651 41.663 41.675 41.687 41.698 41.709 41.720 41.731 41.741 41.752 41.764 41.775 41.786 41.797 41.810 41.824 41.837 41.850 41.864 41.877 41.894 41.910 41.926 41.942 41.957
41.273 41.276 41.279 41.283 41.287 41.289 41.292 41.294 41.297 41.300 41.307 41.315 41.323 41.330 41.338 41.346 41.353 41.361 41.369 41.376 41.386 41.396 41.406 41.415 41.425 41.437 41.448 41.460 41.472 41.484 41.492 41.502 41.511 41.521 41.530 41.540 41.548 41.558 41.567 41.576 41.586 41.596 41.607 41.617 41.627 41.640 41.652 41.664 41.676 41.688 41.699 41.710 41.721 41.732 41.743 41.754 41.765 41.776 41.787 41.799 41.812 41.825 41.839 41.852 41.866 41.882 41.898 41.914 41.931 41.946 41.961
41.271 41.275 41.278 41.281 41.284 41.287 41.290 41.292 41.295 41.298 41.306 41.312 41.320 41.328 41.335 41.343 41.351 41.359 41.366 41.374 41.384 41.393 41.403 41.413 41.425 41.436 41.448 41.460 41.471 41.483 41.492 41.502 41.511 41.521 41.530 41.539 41.548 41.557 41.566 41.576 41.586 41.596 41.606 41.616 41.629 41.641 41.653 41.665 41.678 41.689 41.701 41.711 41.722 41.733 41.744 41.755 41.767 41.778 41.789 41.800 41.813 41.827 41.840 41.853 41.870 41.886 41.902 41.918 41.935 41.951 41.965
41.270 41.273 41.277 41.279 41.282 41.285 41.287 41.290 41.292 41.295 41.303 41.311 41.318 41.326 41.334 41.341 41.349 41.357 41.364 41.372 41.382 41.392 41.401 41.413 41.425 41.436 41.448 41.459 41.471 41.483 41.492 41.501 41.511 41.520 41.529 41.538 41.547 41.557 41.565 41.575 41.585 41.596 41.606 41.618 41.630 41.642 41.655 41.666 41.679 41.691 41.702 41.712 41.724 41.735 41.746 41.757 41.768 41.779 41.790 41.801 41.815 41.829 41.842 41.858 41.874 41.890 41.906 41.923 41.939 41.955 41.970
41.268 41.272 41.274 41.277 41.279 41.283 41.285 41.288 41.291 41.293 41.301 41.308 41.316 41.324 41.331 41.339 41.347 41.354 41.362 41.370 41.379 41.389 41.401 41.413 41.424 41.436 41.448 41.459 41.471 41.482 41.492 41.501 41.510 41.520 41.528 41.538 41.547 41.556 41.565 41.574 41.584 41.595 41.607 41.619 41.631 41.643 41.656 41.668 41.680 41.692 41.703 41.714 41.725 41.736 41.747 41.758 41.770 41.781 41.792 41.803 41.816 41.830 41.846 41.862 41.879 41.895 41.911 41.927 41.944 41.959 41.974
41.266 41.270 41.272 41.275 41.278 41.280 41.283 41.285 41.288 41.291 41.298 41.306 41.314 41.321 41.329 41.337 41.344 41.352 41.360 41.367 41.377 41.389 41.400 41.412 41.424 41.436 41.447 41.459 41.471 41.482 41.492 41.501 41.510 41.519 41.528 41.537 41.546 41.556 41.564 41.574 41.584 41.596 41.608 41.620 41.633 41.645 41.657 41.669 41.681 41.694 41.704 41.715 41.727 41.738 41.749 41.760 41.771 41.783 41.793 41.804 41.818 41.834 41.850 41.866 41.883 41.899 41.915 41.931 41.948 41.964 41.978
41.265 41.267 41.270 41.272 41.275 41.278 41.281 41.284 41.286 41.289 41.297 41.304 41.312 41.320 41.327 41.335 41.343 41.350 41.358 41.366 41.377 41.389 41.400 41.412 41.423 41.435 41.447 41.459 41.470 41.482 41.491 41.500 41.509 41.518 41.527 41.537 41.546 41.555 41.564 41.573 41.585 41.597 41.610 41.622 41.634 41.646 41.658 41.671 41.682 41.695 41.706 41.717 41.728 41.739 41.750 41.761 41.773 41.784 41.795 41.806 41.822 41.839 41.854 41.871 41.887 41.903 41.919 41.936 41.952 41.968 41.982
41.264 41.267 41.270 41.272 41.275 41.278 41.280 41.283 41.286 41.288 41.296 41.304 41.311 41.319 41.327 41.334 41.342 41.350 41.357 41.365 41.376 41.388 41.400 41.412 41.423 41.435 41.446 41.458 41.469 41.481 41.491 41.500 41.509 41.518 41.527 41.536 41.545 41.554 41.563 41.574 41.587 41.599 41.611 41.623 41.635 41.647 41.659 41.672 41.684 41.696 41.707 41.718 41.729 41.741 41.752 41.763 41.774 41.785 41.796 41.809 41.826 41.842 41.858 41.874 41.890 41.906 41.923 41.939 41.955 41.971 41.985
41.245 41.266 41.270 41.272 41.275 41.277 41.280 41.283 41.285 41.288 41.296 41.304 41.311 41.319 41.327 41.334 41.342 41.350 41.357 41.364 41.376 41.387 41.399 41.411 41.422 41.434 41.446 41.458 41.469 41.481 41.490 41.499 41.508 41.517 41.527 41.535 41.545 41.554 41.565 41.576 41.588 41.600 41.612 41.625 41.636 41.649 41.661 41.673 41.685 41.697 41.708 41.720 41.731 41.742 41.753 41.764 41.776 41.786 41.800 41.813 41.829 41.845 41.861 41.877 41.894 41.910 41.926 41.942 41.958 41.974 41.988
41.226 41.248 41.269 41.272 41.274 41.277 41.279 41.283 41.285 41.288 41.295 41.303 41.311 41.318 41.326 41.334 41.341 41.348 41.356 41.363 41.375 41.387 41.399 41.410 41.422 41.433 41.445 41.457 41.468 41.480 41.489 41.498 41.508 41.517 41.526 41.535 41.544 41.555 41.566 41.577 41.589 41.602 41.613 41.626 41.638 41.650 41.662 41.674 41.686 41.699 41.709 41.721 41.732 41.743 41.754 41.765 41.777 41.790 41.803 41.816 41.832 41.848 41.865 41.881 41.897 41.913 41.929 41.945 41.961 41.976 41.991
41.207 41.228 41.250 41.271 41.274 41.277 41.279 41.282 41.285 41.288 41.295 41.303 41.310 41.318 41.326 41.333 41.341 41.348 41.356 41.363 41.375 41.386 41.398 41.409 41.421 41.433 41.445 41.456 41.468 41.479 41.489 41.498 41.507 41.516 41.525 41.534 41.546 41.556 41.567 41.578 41.590 41.603 41.614 41.627 41.639 41.651 41.663 41.676 41.688 41.700 41.711 41.722 41.733 41.744 41.755 41.767 41.780 41.793 41.806 41.819 41.835 41.852 41.868 41.884 41.900 41.917 41.932 41.948 41.963 41.979 41.993
41.188 41.209 41.231 41.252 41.274 41.277 41.279 41.282 41.284 41.287 41.295 41.303 41.310 41.318 41.326 41.333 41.340 41.347 41.355 41.362 41.374 41.386 41.397 41.409 41.421 41.432 41.444 41.456 41.468 41.479 41.488 41.497 41.507 41.515 41.525 41.535 41.547 41.558 41.569 41.580 41.591 41.604 41.616 41.628 41.640 41.652 41.665 41.677 41.689 41.701 41.712 41.724 41.735 41.745 41.757 41.770 41.783 41.796 41.809 41.822 41.839 41.854 41.871 41.887 41.903 41.919 41.935 41.950 41.966 41.982 41.996
41.169 41.190 41.212 41.233 41.255 41.276 41.279 41.281 41.284 41.287 41.294 41.302 41.310 41.317 41.325 41.332 41.340 41.347 41.354 41.361 41.373 41.385 41.397 41.408 41.420 41.432 41.444 41.455 41.467 41.478 41.488 41.496 41.506 41.515 41.526 41.537 41.548 41.559 41.570 41.581 41.593 41.605 41.617 41.629 41.642 41.654 41.666 41.678 41.690 41.702 41.714 41.725 41.736 41.747 41.760 41.773 41.786 41.799 41.812 41.826 41.842 41.858 41.874 41.890 41.906 41.922 41.937 41.953 41.969 41.984 41.998
