mod_check/dependencies/tmf/convert_tuflow_model_gis_format/tests/gpkg_raster/TUFLOW/model/grid/test_asc.asc
ncols 409
nrows 353
xllcorner 293171.25
yllcorner 6177853.75
cellsize 0.5
NODATA_value -999.0
[rows 160 to 191 of 353, columns 213 to 283 of 409]
39.986 39.748 39.510 39.270 39.268 39.289 39.308 39.327 39.347 39.367 39.386 39.403 39.418 39.434 39.450 39.653 39.970 40.288 40.605 40.906 41.126 41.347 41.494 41.492 41.487 41.507 41.527 41.547 41.568 41.588 41.609 41.629 41.649 41.670 41.691 41.711 41.731 41.751 41.772 41.793 41.813 41.833 41.854 41.874 41.895 41.915 41.935 41.956 41.976 41.997 42.003 42.047 42.073 42.099 42.125 42.151 42.177 42.204 42.230 42.256 42.267 42.277 42.289 42.299 42.310 42.320 42.331 42.341 42.351 42.362 42.379
40.062 39.823 39.580 39.305 39.270 39.290 39.309 39.329 39.349 39.368 39.384 39.400 39.415 39.431 39.447 39.544 39.861 40.179 40.496 40.814 41.132 41.415 41.494 41.491 41.503 41.524 41.544 41.564 41.585 41.606 41.626 41.646 41.666 41.687 41.708 41.728 41.748 41.769 41.789 41.810 41.830 41.849 41.866 41.884 41.902 41.919 41.938 41.955 41.974 41.996 42.021 42.051 42.079 42.105 42.131 42.157 42.183 42.209 42.235 42.262 42.272 42.283 42.294 42.305 42.315 42.326 42.336 42.346 42.356 42.366 42.385
40.137 39.890 39.615 39.340 39.271 39.291 39.310 39.330 39.350 39.366 39.381 39.396 39.412 39.428 39.443 39.459 39.753 40.070 40.388 40.705 41.023 41.340 41.494 41.500 41.520 41.541 41.561 41.582 41.602 41.623 41.643 41.663 41.682 41.699 41.717 41.735 41.753 41.771 41.789 41.806 41.824 41.842 41.860 41.877 41.895 41.913 41.931 41.951 41.974 41.996 42.019 42.049 42.080 42.110 42.136 42.163 42.189 42.215 42.241 42.267 42.278 42.289 42.300 42.310 42.320 42.331 42.341 42.351 42.362 42.372 42.389
40.200 39.925 39.650 39.375 39.273 39.292 39.312 39.332 39.347 39.362 39.378 39.394 39.409 39.425 39.440 39.456 39.644 39.961 40.279 40.597 40.914 41.231 41.496 41.515 41.533 41.550 41.569 41.586 41.604 41.622 41.639 41.658 41.675 41.693 41.711 41.728 41.746 41.764 41.782 41.800 41.817 41.835 41.853 41.871 41.889 41.906 41.929 41.951 41.974 41.996 42.019 42.047 42.077 42.107 42.138 42.168 42.194 42.221 42.247 42.273 42.283 42.294 42.305 42.315 42.325 42.336 42.346 42.356 42.366 42.377 42.395
40.235 39.960 39.685 39.411 39.274 39.293 39.313 39.329 39.344 39.359 39.375 39.390 39.406 39.422 39.437 39.452 39.534 39.852 40.170 40.487 40.805 41.122 41.439 41.508 41.526 41.544 41.561 41.580 41.597 41.615 41.633 41.651 41.668 41.686 41.704 41.722 41.739 41.757 41.776 41.793 41.811 41.829 41.846 41.864 41.884 41.906 41.929 41.951 41.974 41.996 42.019 42.044 42.075 42.105 42.135 42.165 42.195 42.226 42.252 42.279 42.289 42.300 42.310 42.320 42.331 42.340 42.351 42.361 42.372 42.382 42.400
40.270 39.995 39.720 39.445 39.275 39.294 39.310 39.325 39.341 39.356 39.372 39.388 39.403 39.418 39.434 39.450 39.465 39.743 40.061 40.378 40.696 41.014 41.330 41.502 41.520 41.537 41.555 41.573 41.591 41.609 41.626 41.644 41.662 41.679 41.698 41.715 41.733 41.751 41.768 41.787 41.804 41.822 41.840 41.862 41.884 41.906 41.929 41.951 41.974 41.996 42.019 42.042 42.072 42.102 42.132 42.163 42.193 42.224 42.254 42.284 42.294 42.305 42.315 42.325 42.336 42.346 42.356 42.366 42.376 42.387 42.402
40.305 40.030 39.756 39.481 39.276 39.291 39.307 39.322 39.337 39.353 39.369 39.385 39.400 39.416 39.431 39.447 39.463 39.634 39.952 40.269 40.587 40.904 41.221 41.495 41.513 41.531 41.548 41.566 41.584 41.602 41.620 41.638 41.655 41.673 41.691 41.709 41.727 41.744 41.762 41.780 41.798 41.817 41.839 41.862 41.884 41.906 41.929 41.951 41.974 41.996 42.019 42.041 42.069 42.100 42.130 42.161 42.191 42.221 42.248 42.274 42.297 42.308 42.318 42.329 42.339 42.349 42.359 42.369 42.380 42.390 42.405
40.340 40.065 39.790 39.516 39.277 39.293 39.308 39.324 39.339 39.355 39.370 39.385 39.401 39.416 39.431 39.446 39.461 39.526 39.843 40.161 40.478 40.795 41.112 41.429 41.506 41.524 41.542 41.560 41.577 41.595 41.613 41.631 41.649 41.666 41.684 41.702 41.720 41.738 41.755 41.773 41.794 41.817 41.839 41.862 41.884 41.906 41.929 41.951 41.974 41.996 42.019 42.041 42.067 42.097 42.128 42.158 42.186 42.212 42.238 42.264 42.287 42.311 42.321 42.332 42.342 42.352 42.362 42.373 42.383 42.394 42.408
40.375 40.101 39.829 39.560 39.291 39.293 39.308 39.323 39.339 39.353 39.369 39.384 39.399 39.415 39.429 39.444 39.458 39.472 39.734 40.052 40.369 40.686 41.003 41.320 41.500 41.517 41.535 41.553 41.571 41.589 41.606 41.625 41.642 41.660 41.678 41.695 41.713 41.731 41.750 41.772 41.794 41.817 41.839 41.862 41.884 41.906 41.929 41.951 41.974 41.996 42.019 42.041 42.064 42.095 42.124 42.150 42.176 42.202 42.229 42.254 42.277 42.301 42.325 42.335 42.345 42.355 42.366 42.376 42.387 42.396 42.412
40.453 40.184 39.915 39.647 39.380 39.291 39.307 39.322 39.337 39.352 39.368 39.383 39.398 39.414 39.428 39.442 39.455 39.470 39.625 39.943 40.260 40.577 40.894 41.211 41.493 41.511 41.528 41.547 41.564 41.582 41.600 41.617 41.635 41.653 41.671 41.689 41.707 41.727 41.750 41.772 41.794 41.817 41.839 41.862 41.884 41.906 41.929 41.951 41.974 41.996 42.019 42.041 42.063 42.088 42.114 42.141 42.167 42.193 42.220 42.243 42.267 42.291 42.314 42.338 42.348 42.359 42.369 42.379 42.389 42.400 42.415
40.539 40.270 40.003 39.736 39.468 39.290 39.306 39.321 39.336 39.352 39.366 39.382 39.397 39.412 39.426 39.439 39.453 39.467 39.516 39.834 40.151 40.468 40.785 41.102 41.419 41.504 41.522 41.540 41.558 41.576 41.593 41.611 41.629 41.646 41.665 41.682 41.705 41.727 41.750 41.772 41.794 41.817 41.839 41.862 41.884 41.906 41.929 41.951 41.974 41.995 42.017 42.037 42.057 42.078 42.105 42.131 42.157 42.184 42.210 42.233 42.257 42.280 42.305 42.328 42.352 42.362 42.372 42.382 42.393 42.403 42.418
40.627 40.359 40.092 39.824 39.557 39.289 39.304 39.320 39.335 39.350 39.365 39.381 39.396 39.409 39.423 39.437 39.451 39.464 39.478 39.725 40.042 40.359 40.676 40.993 41.310 41.498 41.515 41.533 41.551 41.569 41.587 41.604 41.622 41.640 41.659 41.682 41.704 41.727 41.750 41.772 41.794 41.817 41.839 41.862 41.884 41.906 41.928 41.950 41.972 41.992 42.012 42.032 42.052 42.072 42.095 42.121 42.148 42.174 42.200 42.223 42.247 42.270 42.294 42.318 42.341 42.365 42.375 42.386 42.396 42.406 42.421
40.715 40.447 40.180 39.912 39.645 39.378 39.303 39.319 39.334 39.349 39.364 39.379 39.394 39.407 39.421 39.435 39.448 39.462 39.475 39.616 39.933 40.250 40.567 40.884 41.201 41.491 41.509 41.527 41.544 41.562 41.580 41.598 41.616 41.637 41.659 41.682 41.704 41.727 41.749 41.772 41.794 41.817 41.839 41.860 41.882 41.904 41.926 41.946 41.967 41.987 42.007 42.027 42.047 42.067 42.087 42.112 42.138 42.164 42.189 42.213 42.237 42.260 42.284 42.307 42.331 42.355 42.378 42.389 42.399 42.410 42.425
40.804 40.536 40.269 40.001 39.734 39.466 39.302 39.317 39.333 39.348 39.363 39.377 39.391 39.405 39.418 39.432 39.446 39.461 39.475 39.571 39.849 40.141 40.458 40.775 41.092 41.409 41.502 41.520 41.538 41.556 41.573 41.592 41.614 41.637 41.659 41.682 41.704 41.727 41.749 41.771 41.793 41.814 41.837 41.859 41.881 41.901 41.921 41.941 41.961 41.981 42.001 42.021 42.042 42.062 42.082 42.102 42.129 42.155 42.180 42.203 42.227 42.250 42.274 42.297 42.321 42.345 42.368 42.392 42.402 42.412 42.428
40.891 40.624 40.356 40.089 39.822 39.555 39.301 39.316 39.332 39.347 39.361 39.375 39.389 39.402 39.417 39.431 39.446 39.461 39.475 39.532 39.810 40.089 40.367 40.666 40.983 41.300 41.495 41.514 41.531 41.549 41.570 41.592 41.614 41.637 41.659 41.681 41.703 41.725 41.747 41.769 41.791 41.813 41.834 41.856 41.876 41.896 41.916 41.936 41.956 41.976 41.996 42.016 42.036 42.056 42.076 42.096 42.119 42.145 42.169 42.193 42.217 42.240 42.264 42.287 42.311 42.335 42.358 42.382 42.405 42.416 42.431
40.980 40.713 40.445 40.178 39.910 39.643 39.375 39.315 39.330 39.345 39.359 39.372 39.386 39.402 39.417 39.431 39.446 39.461 39.475 39.493 39.771 40.050 40.328 40.607 40.885 41.191 41.489 41.507 41.525 41.547 41.570 41.592 41.614 41.636 41.658 41.679 41.701 41.724 41.745 41.767 41.789 41.810 41.830 41.850 41.870 41.890 41.911 41.931 41.951 41.971 41.991 42.011 42.031 42.051 42.071 42.091 42.111 42.135 42.159 42.182 42.206 42.230 42.254 42.277 42.301 42.325 42.348 42.372 42.395 42.419 42.432
41.066 40.799 40.533 40.266 39.999 39.731 39.464 39.314 39.329 39.343 39.357 39.372 39.387 39.402 39.417 39.431 39.446 39.461 39.475 39.491 39.733 40.011 40.289 40.568 40.846 41.124 41.403 41.502 41.524 41.546 41.568 41.590 41.612 41.634 41.656 41.678 41.699 41.721 41.744 41.764 41.784 41.804 41.824 41.845 41.865 41.885 41.905 41.925 41.945 41.965 41.986 42.006 42.026 42.046 42.066 42.086 42.106 42.126 42.150 42.174 42.197 42.221 42.245 42.269 42.292 42.316 42.340 42.367 42.395 42.423 42.435
41.151 40.884 40.618 40.351 40.085 39.818 39.551 39.313 39.327 39.342 39.357 39.372 39.387 39.402 39.417 39.431 39.446 39.461 39.476 39.491 39.694 39.972 40.250 40.529 40.807 41.085 41.371 41.501 41.522 41.544 41.566 41.588 41.610 41.632 41.654 41.676 41.698 41.719 41.739 41.759 41.779 41.799 41.819 41.839 41.859 41.880 41.900 41.920 41.940 41.960 41.980 42.000 42.021 42.042 42.063 42.082 42.102 42.121 42.142 42.166 42.189 42.213 42.237 42.261 42.287 42.315 42.343 42.371 42.398 42.426 42.439
41.236 40.970 40.703 40.437 40.171 39.927 39.682 39.359 39.327 39.342 39.357 39.372 39.387 39.402 39.417 39.431 39.446 39.461 39.476 39.491 39.655 39.933 40.211 40.490 40.768 41.047 41.351 41.499 41.521 41.542 41.564 41.586 41.608 41.630 41.652 41.674 41.694 41.714 41.734 41.754 41.774 41.794 41.814 41.834 41.854 41.874 41.894 41.915 41.936 41.957 41.978 41.998 42.019 42.039 42.058 42.077 42.096 42.116 42.135 42.158 42.182 42.207 42.236 42.263 42.291 42.319 42.346 42.374 42.402 42.430 42.443
41.321 41.060 40.815 40.570 40.325 40.081 39.820 39.442 39.328 39.343 39.357 39.372 39.387 39.402 39.417 39.431 39.446 39.461 39.476 39.491 39.616 39.894 40.173 40.451 40.729 41.022 41.331 41.497 41.519 41.541 41.563 41.584 41.606 41.628 41.648 41.668 41.688 41.708 41.728 41.748 41.768 41.789 41.809 41.830 41.851 41.872 41.892 41.914 41.934 41.955 41.975 41.995 42.014 42.034 42.053 42.072 42.092 42.111 42.131 42.153 42.183 42.211 42.238 42.266 42.294 42.322 42.350 42.378 42.405 42.433 42.445
41.459 41.214 40.969 40.725 40.480 40.236 39.902 39.524 39.329 39.343 39.357 39.372 39.387 39.402 39.417 39.431 39.446 39.461 39.476 39.491 39.576 39.855 40.134 40.412 40.693 41.002 41.311 41.495 41.517 41.539 41.561 41.583 41.603 41.623 41.643 41.663 41.683 41.703 41.724 41.745 41.765 41.787 41.807 41.828 41.849 41.870 41.890 41.912 41.932 41.951 41.971 41.990 42.010 42.028 42.048 42.067 42.088 42.109 42.129 42.150 42.180 42.214 42.242 42.270 42.297 42.326 42.354 42.381 42.409 42.437 42.449
41.613 41.369 41.124 40.879 40.634 40.364 39.986 39.608 39.329 39.344 39.358 39.373 39.388 39.402 39.417 39.431 39.447 39.461 39.476 39.491 39.537 39.816 40.095 40.373 40.673 40.982 41.291 41.493 41.515 41.537 41.557 41.577 41.597 41.618 41.639 41.659 41.681 41.701 41.722 41.743 41.764 41.784 41.806 41.826 41.847 41.868 41.889 41.908 41.927 41.946 41.966 41.986 42.004 42.025 42.046 42.066 42.087 42.107 42.128 42.148 42.173 42.207 42.242 42.273 42.301 42.329 42.356 42.385 42.412 42.440 42.452
41.768 41.523 41.278 41.034 40.789 40.446 40.068 39.690 39.330 39.344 39.359 39.373 39.388 39.402 39.417 39.432 39.447 39.461 39.476 39.491 39.506 39.777 40.056 40.345 40.654 40.962 41.271 41.491 41.512 41.533 41.554 41.574 41.595 41.616 41.637 41.658 41.679 41.699 41.720 41.741 41.762 41.783 41.804 41.824 41.845 41.865 41.883 41.903 41.922 41.942 41.962 41.982 42.003 42.023 42.044 42.064 42.085 42.106 42.126 42.147 42.168 42.200 42.234 42.269 42.303 42.332 42.360 42.388 42.416 42.444 42.456
41.922 41.678 41.433 41.188 40.907 40.529 40.151 39.773 39.395 39.345 39.359 39.374 39.388 39.403 39.418 39.432 39.447 39.461 39.476 39.491 39.506 39.738 40.016 40.325 40.634 40.942 41.244 41.489 41.510 41.531 41.552 41.573 41.593 41.614 41.635 41.656 41.677 41.698 41.718 41.739 41.760 41.781 41.801 41.821 41.840 41.859 41.879 41.899 41.919 41.939 41.960 41.981 42.001 42.022 42.043 42.063 42.084 42.104 42.125 42.145 42.166 42.193 42.227 42.262 42.296 42.331 42.363 42.391 42.419 42.447 42.460
42.077 41.832 41.587 41.343 40.990 40.612 40.234 39.856 39.478 39.345 39.360 39.374 39.389 39.403 39.418 39.432 39.447 39.462 39.476 39.491 39.506 39.699 39.996 40.305 40.605 40.905 41.223 41.487 41.508 41.529 41.550 41.571 41.591 41.613 41.633 41.654 41.675 41.696 41.716 41.738 41.758 41.777 41.797 41.816 41.835 41.856 41.876 41.897 41.918 41.938 41.959 41.980 42.000 42.020 42.041 42.062 42.082 42.103 42.124 42.144 42.165 42.185 42.220 42.254 42.289 42.323 42.358 42.392 42.423 42.450 42.463
42.231 41.987 41.742 41.451 41.072 40.694 40.316 39.939 39.561 39.346 39.360 39.375 39.389 39.404 39.418 39.433 39.448 39.462 39.477 39.491 39.506 39.667 39.968 40.266 40.566 40.884 41.203 41.485 41.507 41.527 41.548 41.569 41.590 41.610 41.632 41.652 41.674 41.694 41.714 41.734 41.753 41.773 41.793 41.813 41.834 41.854 41.875 41.896 41.916 41.937 41.957 41.978 41.998 42.019 42.040 42.060 42.081 42.101 42.122 42.142 42.163 42.184 42.212 42.246 42.281 42.316 42.350 42.385 42.419 42.454 42.463
42.386 42.141 41.896 41.533 41.155 40.778 40.400 40.022 39.644 39.346 39.360 39.375 39.390 39.404 39.419 39.434 39.448 39.463 39.477 39.491 39.506 39.629 39.927 40.227 40.545 40.864 41.182 41.484 41.505 41.525 41.546 41.567 41.588 41.609 41.630 41.651 41.671 41.690 41.709 41.729 41.750 41.771 41.791 41.812 41.832 41.853 41.873 41.894 41.915 41.935 41.956 41.977 41.997 42.017 42.038 42.059 42.079 42.100 42.120 42.141 42.162 42.182 42.204 42.239 42.273 42.308 42.343 42.374 42.405 42.435 42.464
42.402 42.296 41.994 41.616 41.238 40.858 40.443 40.026 39.669 39.378 39.360 39.375 39.389 39.404 39.419 39.434 39.448 39.463 39.477 39.492 39.506 39.587 39.888 40.207 40.525 40.843 41.162 41.480 41.503 41.524 41.544 41.565 41.586 41.607 41.627 41.646 41.666 41.687 41.707 41.728 41.748 41.769 41.790 41.810 41.831 41.852 41.872 41.892 41.913 41.934 41.954 41.975 41.995 42.016 42.037 42.057 42.077 42.098 42.119 42.139 42.160 42.181 42.201 42.231 42.264 42.294 42.325 42.355 42.386 42.416 42.445
42.407 42.408 42.023 41.606 41.190 40.774 40.358 40.059 39.767 39.475 39.359 39.373 39.388 39.403 39.418 39.432 39.447 39.462 39.477 39.491 39.506 39.547 39.868 40.186 40.504 40.822 41.141 41.459 41.501 41.522 41.542 41.564 41.583 41.603 41.623 41.644 41.665 41.685 41.706 41.727 41.747 41.768 41.789 41.808 41.829 41.850 41.870 41.891 41.912 41.932 41.953 41.973 41.994 42.014 42.035 42.056 42.076 42.096 42.117 42.137 42.158 42.178 42.198 42.216 42.245 42.276 42.306 42.337 42.368 42.397 42.426
42.411 42.354 41.938 41.521 41.105 40.739 40.448 40.157 39.865 39.573 39.357 39.372 39.387 39.402 39.417 39.431 39.446 39.461 39.475 39.490 39.505 39.520 39.819 40.150 40.482 40.802 41.120 41.439 41.499 41.520 41.540 41.560 41.581 41.602 41.622 41.643 41.663 41.684 41.704 41.725 41.745 41.766 41.787 41.807 41.827 41.848 41.868 41.889 41.909 41.929 41.950 41.971 41.991 42.011 42.032 42.052 42.073 42.093 42.113 42.133 42.150 42.171 42.205 42.224 42.227 42.257 42.288 42.318 42.349 42.378 42.407
42.415 42.269 41.853 41.436 41.129 40.838 40.546 40.255 39.963 39.672 39.380 39.372 39.386 39.401 39.415 39.430 39.445 39.459 39.474 39.489 39.504 39.520 39.759 40.091 40.423 40.754 41.086 41.418 41.497 41.518 41.538 41.558 41.579 41.599 41.620 41.640 41.660 41.681 41.702 41.722 41.743 41.763 41.783 41.804 41.824 41.845 41.865 41.885 41.906 41.926 41.946 41.967 41.988 42.008 42.028 42.049 42.069 42.088 42.105 42.122 42.144 42.178 42.211 42.233 42.234 42.238 42.269 42.300 42.331 42.359 42.388
42.420 42.184 41.810 41.518 41.227 40.936 40.644 40.352 40.061 39.770 39.478 39.370 39.385 39.400 39.414 39.429 39.444 39.458 39.474 39.489 39.504 39.519 39.699 40.031 40.362 40.694 41.027 41.363 41.494 41.514 41.535 41.555 41.576 41.596 41.616 41.637 41.658 41.678 41.698 41.719 41.739 41.760 41.780 41.800 41.821 41.842 41.862 41.882 41.903 41.923 41.944 41.964 41.984 42.005 42.025 42.043 42.060 42.076 42.093 42.116 42.150 42.184 42.217 42.241 42.242 42.243 42.250 42.281 42.312 42.340 42.369
